 19 
 2000 
 2000 
-10000 
 1500 
 2000 
 2000 
 1500 
 1700 
 2000 
 800 
 1700 
 1700 
 800 
 800 
 1700 
 4300 
 800 
 2300 
 4300 
 4300 
 2300 
 2300 
 4300 
 3000 
 2300 
 3500 
 3000 
 3000 
 3500 
 3500 
 3000 
 1100 
 3500 
 7300 
 1100 
 1100 
 7300 
 7300 
 1100 
 600 
 7300 
 8600 
 600 
 600 
 8600 
 8600 
 600 
 2500 
 8600 
 5100 
 2500 
 2500 
 5100 
 5100 
 2500 
 4300 
 5100 
 3600 
 4300 
 4300 
 3600 
 3600 
 4300 
 5100 
 3600 
 6400 
 5100 
 5100 
 6400 
 6400 
 5100 
 3800 
 6400 
 9600 
 3800 
 3800 
